(kicad_pcb (version 20171130) (host pcbnew "(5.1.9)-1")

  (general
    (thickness 1.6)
    (drawings 17)
    (tracks 410)
    (zones 0)
    (modules 58)
    (nets 36)
  )

  (page A4)
  (layers
    (0 F.Cu signal)
    (31 B.Cu signal)
    (32 B.Adhes user)
    (33 F.Adhes user)
    (34 B.Paste user)
    (35 F.Paste user)
    (36 B.SilkS user)
    (37 F.SilkS user)
    (38 B.Mask user)
    (39 F.Mask user)
    (40 Dwgs.User user)
    (41 Cmts.User user)
    (42 Eco1.User user)
    (43 Eco2.User user)
    (44 Edge.Cuts user)
    (45 Margin user hide)
    (46 B.CrtYd user)
    (47 F.CrtYd user)
    (48 B.Fab user)
    (49 F.Fab user hide)
  )

  (setup
    (last_trace_width 0.25)
    (user_trace_width 0.5)
    (user_trace_width 1)
    (trace_clearance 0.2)
    (zone_clearance 0.254)
    (zone_45_only no)
    (trace_min 0.2)
    (via_size 0.8)
    (via_drill 0.4)
    (via_min_size 0.4)
    (via_min_drill 0.3)
    (uvia_size 0.3)
    (uvia_drill 0.1)
    (uvias_allowed no)
    (uvia_min_size 0.2)
    (uvia_min_drill 0.1)
    (edge_width 0.05)
    (segment_width 0.2)
    (pcb_text_width 0.3)
    (pcb_text_size 1.5 1.5)
    (mod_edge_width 0.12)
    (mod_text_size 1 1)
    (mod_text_width 0.15)
    (pad_size 1.524 1.524)
    (pad_drill 0.762)
    (pad_to_mask_clearance 0)
    (aux_axis_origin 0 0)
    (visible_elements 7FFFFFFF)
    (pcbplotparams
      (layerselection 0x010f0_ffffffff)
      (usegerberextensions false)
      (usegerberattributes false)
      (usegerberadvancedattributes false)
      (creategerberjobfile false)
      (excludeedgelayer true)
      (linewidth 0.100000)
      (plotframeref false)
      (viasonmask false)
      (mode 1)
      (useauxorigin false)
      (hpglpennumber 1)
      (hpglpenspeed 20)
      (hpglpendiameter 15.000000)
      (psnegative false)
      (psa4output false)
      (plotreference true)
      (plotvalue false)
      (plotinvisibletext false)
      (padsonsilk true)
      (subtractmaskfromsilk false)
      (outputformat 1)
      (mirror false)
      (drillshape 0)
      (scaleselection 1)
      (outputdirectory "gerber/"))
  )

  (net 0 "")
  (net 1 "Net-(C1-Pad1)")
  (net 2 "Net-(C1-Pad2)")
  (net 3 +3V3)
  (net 4 GND)
  (net 5 "Net-(C3-Pad1)")
  (net 6 "Net-(C4-Pad1)")
  (net 7 /VGND)
  (net 8 "Net-(C7-Pad2)")
  (net 9 "Net-(C7-Pad1)")
  (net 10 "Net-(C9-Pad1)")
  (net 11 "Net-(C10-Pad1)")
  (net 12 "Net-(C12-Pad2)")
  (net 13 "Net-(C12-Pad1)")
  (net 14 "Net-(C14-Pad1)")
  (net 15 "Net-(C15-Pad1)")
  (net 16 "Net-(D1-Pad4)")
  (net 17 "Net-(D1-Pad2)")
  (net 18 "Net-(D1-Pad1)")
  (net 19 "Net-(J1-Pad2)")
  (net 20 /impact_sensor1/out)
  (net 21 /impact_sensor2/out)
  (net 22 /impact_sensor3/out)
  (net 23 /leds/LED-B)
  (net 24 /leds/LED-G)
  (net 25 /leds/LED-R)
  (net 26 "Net-(J4-Pad2)")
  (net 27 "Net-(J5-Pad2)")
  (net 28 "Net-(Q1-Pad3)")
  (net 29 "Net-(Q2-Pad3)")
  (net 30 "Net-(Q3-Pad3)")
  (net 31 "Net-(R6-Pad2)")
  (net 32 /VGND+)
  (net 33 /VGND-)
  (net 34 "Net-(J2-Pad3)")
  (net 35 "Net-(J2-Pad4)")

  (net_class Default "This is the default net class."
    (clearance 0.2)
    (trace_width 0.25)
    (via_dia 0.8)
    (via_drill 0.4)
    (uvia_dia 0.3)
    (uvia_drill 0.1)
    (add_net +3V3)
    (add_net /VGND)
    (add_net /VGND+)
    (add_net /VGND-)
    (add_net /impact_sensor1/out)
    (add_net /impact_sensor2/out)
    (add_net /impact_sensor3/out)
    (add_net /leds/LED-B)
    (add_net /leds/LED-G)
    (add_net /leds/LED-R)
    (add_net GND)
    (add_net "Net-(C1-Pad1)")
    (add_net "Net-(C1-Pad2)")
    (add_net "Net-(C10-Pad1)")
    (add_net "Net-(C12-Pad1)")
    (add_net "Net-(C12-Pad2)")
    (add_net "Net-(C14-Pad1)")
    (add_net "Net-(C15-Pad1)")
    (add_net "Net-(C3-Pad1)")
    (add_net "Net-(C4-Pad1)")
    (add_net "Net-(C7-Pad1)")
    (add_net "Net-(C7-Pad2)")
    (add_net "Net-(C9-Pad1)")
    (add_net "Net-(D1-Pad1)")
    (add_net "Net-(D1-Pad2)")
    (add_net "Net-(D1-Pad4)")
    (add_net "Net-(J1-Pad2)")
    (add_net "Net-(J2-Pad3)")
    (add_net "Net-(J2-Pad4)")
    (add_net "Net-(J4-Pad2)")
    (add_net "Net-(J5-Pad2)")
    (add_net "Net-(Q1-Pad3)")
    (add_net "Net-(Q2-Pad3)")
    (add_net "Net-(Q3-Pad3)")
    (add_net "Net-(R6-Pad2)")
  )

  (module LED_THT:LED_D5.0mm-4_RGB (layer F.Cu) (tedit 5B74EEBE) (tstamp 6006F337)
    (at 107.696 67.564)
    (descr "LED, diameter 5.0mm, 2 pins, diameter 5.0mm, 3 pins, diameter 5.0mm, 4 pins, http://www.kingbright.com/attachments/file/psearch/000/00/00/L-154A4SUREQBFZGEW(Ver.9A).pdf")
    (tags "LED diameter 5.0mm 2 pins diameter 5.0mm 3 pins diameter 5.0mm 4 pins RGB RGBLED")
    (path /600B6F29/600C4A16)
    (fp_text reference D4 (at 6.35 -0.762) (layer F.SilkS)
      (effects (font (size 1 1) (thickness 0.15)))
    )
    (fp_text value LED_BGCR (at 1.905 3.96) (layer F.Fab)
      (effects (font (size 1 1) (thickness 0.15)))
    )
    (fp_line (start 5.15 -3.25) (end -1.35 -3.25) (layer F.CrtYd) (width 0.05))
    (fp_line (start 5.15 3.25) (end 5.15 -3.25) (layer F.CrtYd) (width 0.05))
    (fp_line (start -1.35 3.25) (end 5.15 3.25) (layer F.CrtYd) (width 0.05))
    (fp_line (start -1.35 -3.25) (end -1.35 3.25) (layer F.CrtYd) (width 0.05))
    (fp_line (start -0.655 1.08) (end -0.655 1.545) (layer F.SilkS) (width 0.12))
    (fp_line (start -0.655 -1.545) (end -0.655 -1.08) (layer F.SilkS) (width 0.12))
    (fp_line (start -0.595 -1.469694) (end -0.595 1.469694) (layer F.Fab) (width 0.1))
    (fp_circle (center 1.905 0) (end 4.405 0) (layer F.Fab) (width 0.1))
    (fp_text user %R (at 1.905 -3.96) (layer F.Fab)
      (effects (font (size 1 1) (thickness 0.15)))
    )
    (fp_arc (start 1.905 0) (end -0.349684 1.08) (angle -128.8) (layer F.SilkS) (width 0.12))
    (fp_arc (start 1.905 0) (end -0.349684 -1.08) (angle 128.8) (layer F.SilkS) (width 0.12))
    (fp_arc (start 1.905 0) (end -0.655 1.54483) (angle -127.7) (layer F.SilkS) (width 0.12))
    (fp_arc (start 1.905 0) (end -0.655 -1.54483) (angle 127.7) (layer F.SilkS) (width 0.12))
    (fp_arc (start 1.905 0) (end -0.595 -1.469694) (angle 299.1) (layer F.Fab) (width 0.1))
    (pad 4 thru_hole oval (at 3.81 0) (size 1.07 1.8) (drill 0.9) (layers *.Cu *.Mask)
      (net 16 "Net-(D1-Pad4)"))
    (pad 3 thru_hole oval (at 2.54 0) (size 1.07 1.8) (drill 0.9) (layers *.Cu *.Mask)
      (net 4 GND))
    (pad 2 thru_hole oval (at 1.27 0) (size 1.07 1.8) (drill 0.9) (layers *.Cu *.Mask)
      (net 17 "Net-(D1-Pad2)"))
    (pad 1 thru_hole rect (at 0 0) (size 1.07 1.8) (drill 0.9) (layers *.Cu *.Mask)
      (net 18 "Net-(D1-Pad1)"))
    (model ${KISYS3DMOD}/LED_THT.3dshapes/LED_D5.0mm-4_RGB.wrl
      (at (xyz 0 0 0))
      (scale (xyz 1 1 1))
      (rotate (xyz 0 0 0))
    )
  )

  (module Capacitor_SMD:C_0402_1005Metric (layer F.Cu) (tedit 5F68FEEE) (tstamp 6006F1E0)
    (at 60.452 74.958 270)
    (descr "Capacitor SMD 0402 (1005 Metric), square (rectangular) end terminal, IPC_7351 nominal, (Body size source: IPC-SM-782 page 76, https://www.pcb-3d.com/wordpress/wp-content/uploads/ipc-sm-782a_amendment_1_and_2.pdf), generated with kicad-footprint-generator")
    (tags capacitor)
    (path /6005779F/6005D506)
    (attr smd)
    (fp_text reference C1 (at -2.258 0 90) (layer F.SilkS)
      (effects (font (size 1 1) (thickness 0.15)))
    )
    (fp_text value 1n (at 0 1.16 90) (layer F.Fab)
      (effects (font (size 1 1) (thickness 0.15)))
    )
    (fp_line (start -0.5 0.25) (end -0.5 -0.25) (layer F.Fab) (width 0.1))
    (fp_line (start -0.5 -0.25) (end 0.5 -0.25) (layer F.Fab) (width 0.1))
    (fp_line (start 0.5 -0.25) (end 0.5 0.25) (layer F.Fab) (width 0.1))
    (fp_line (start 0.5 0.25) (end -0.5 0.25) (layer F.Fab) (width 0.1))
    (fp_line (start -0.107836 -0.36) (end 0.107836 -0.36) (layer F.SilkS) (width 0.12))
    (fp_line (start -0.107836 0.36) (end 0.107836 0.36) (layer F.SilkS) (width 0.12))
    (fp_line (start -0.91 0.46) (end -0.91 -0.46) (layer F.CrtYd) (width 0.05))
    (fp_line (start -0.91 -0.46) (end 0.91 -0.46) (layer F.CrtYd) (width 0.05))
    (fp_line (start 0.91 -0.46) (end 0.91 0.46) (layer F.CrtYd) (width 0.05))
    (fp_line (start 0.91 0.46) (end -0.91 0.46) (layer F.CrtYd) (width 0.05))
    (fp_text user %R (at 0 0 90) (layer F.Fab)
      (effects (font (size 0.25 0.25) (thickness 0.04)))
    )
    (pad 1 smd roundrect (at -0.48 0 270) (size 0.56 0.62) (layers F.Cu F.Paste F.Mask) (roundrect_rratio 0.25)
      (net 1 "Net-(C1-Pad1)"))
    (pad 2 smd roundrect (at 0.48 0 270) (size 0.56 0.62) (layers F.Cu F.Paste F.Mask) (roundrect_rratio 0.25)
      (net 2 "Net-(C1-Pad2)"))
    (model ${KISYS3DMOD}/Capacitor_SMD.3dshapes/C_0402_1005Metric.wrl
      (at (xyz 0 0 0))
      (scale (xyz 1 1 1))
      (rotate (xyz 0 0 0))
    )
  )

  (module Capacitor_SMD:C_0603_1608Metric (layer F.Cu) (tedit 5F68FEEE) (tstamp 6006F1F1)
    (at 52.07 69.85 90)
    (descr "Capacitor SMD 0603 (1608 Metric), square (rectangular) end terminal, IPC_7351 nominal, (Body size source: IPC-SM-782 page 76, https://www.pcb-3d.com/wordpress/wp-content/uploads/ipc-sm-782a_amendment_1_and_2.pdf), generated with kicad-footprint-generator")
    (tags capacitor)
    (path /6005779F/60069DD0)
    (attr smd)
    (fp_text reference C2 (at 2.54 0 90) (layer F.SilkS)
      (effects (font (size 1 1) (thickness 0.15)))
    )
    (fp_text value 10n (at 0 1.43 90) (layer F.Fab)
      (effects (font (size 1 1) (thickness 0.15)))
    )
    (fp_line (start -0.8 0.4) (end -0.8 -0.4) (layer F.Fab) (width 0.1))
    (fp_line (start -0.8 -0.4) (end 0.8 -0.4) (layer F.Fab) (width 0.1))
    (fp_line (start 0.8 -0.4) (end 0.8 0.4) (layer F.Fab) (width 0.1))
    (fp_line (start 0.8 0.4) (end -0.8 0.4) (layer F.Fab) (width 0.1))
    (fp_line (start -0.14058 -0.51) (end 0.14058 -0.51) (layer F.SilkS) (width 0.12))
    (fp_line (start -0.14058 0.51) (end 0.14058 0.51) (layer F.SilkS) (width 0.12))
    (fp_line (start -1.48 0.73) (end -1.48 -0.73) (layer F.CrtYd) (width 0.05))
    (fp_line (start -1.48 -0.73) (end 1.48 -0.73) (layer F.CrtYd) (width 0.05))
    (fp_line (start 1.48 -0.73) (end 1.48 0.73) (layer F.CrtYd) (width 0.05))
    (fp_line (start 1.48 0.73) (end -1.48 0.73) (layer F.CrtYd) (width 0.05))
    (fp_text user %R (at 0 0 90) (layer F.Fab)
      (effects (font (size 0.4 0.4) (thickness 0.06)))
    )
    (pad 1 smd roundrect (at -0.775 0 90) (size 0.9 0.95) (layers F.Cu F.Paste F.Mask) (roundrect_rratio 0.25)
      (net 3 +3V3))
    (pad 2 smd roundrect (at 0.775 0 90) (size 0.9 0.95) (layers F.Cu F.Paste F.Mask) (roundrect_rratio 0.25)
      (net 4 GND))
    (model ${KISYS3DMOD}/Capacitor_SMD.3dshapes/C_0603_1608Metric.wrl
      (at (xyz 0 0 0))
      (scale (xyz 1 1 1))
      (rotate (xyz 0 0 0))
    )
  )

  (module Capacitor_SMD:C_0603_1608Metric (layer F.Cu) (tedit 5F68FEEE) (tstamp 6006F202)
    (at 62.471 71.882 180)
    (descr "Capacitor SMD 0603 (1608 Metric), square (rectangular) end terminal, IPC_7351 nominal, (Body size source: IPC-SM-782 page 76, https://www.pcb-3d.com/wordpress/wp-content/uploads/ipc-sm-782a_amendment_1_and_2.pdf), generated with kicad-footprint-generator")
    (tags capacitor)
    (path /6005779F/600706D5)
    (attr smd)
    (fp_text reference C3 (at 0 -1.43) (layer F.SilkS)
      (effects (font (size 1 1) (thickness 0.15)))
    )
    (fp_text value 10n (at 0 1.43) (layer F.Fab)
      (effects (font (size 1 1) (thickness 0.15)))
    )
    (fp_line (start -0.8 0.4) (end -0.8 -0.4) (layer F.Fab) (width 0.1))
    (fp_line (start -0.8 -0.4) (end 0.8 -0.4) (layer F.Fab) (width 0.1))
    (fp_line (start 0.8 -0.4) (end 0.8 0.4) (layer F.Fab) (width 0.1))
    (fp_line (start 0.8 0.4) (end -0.8 0.4) (layer F.Fab) (width 0.1))
    (fp_line (start -0.14058 -0.51) (end 0.14058 -0.51) (layer F.SilkS) (width 0.12))
    (fp_line (start -0.14058 0.51) (end 0.14058 0.51) (layer F.SilkS) (width 0.12))
    (fp_line (start -1.48 0.73) (end -1.48 -0.73) (layer F.CrtYd) (width 0.05))
    (fp_line (start -1.48 -0.73) (end 1.48 -0.73) (layer F.CrtYd) (width 0.05))
    (fp_line (start 1.48 -0.73) (end 1.48 0.73) (layer F.CrtYd) (width 0.05))
    (fp_line (start 1.48 0.73) (end -1.48 0.73) (layer F.CrtYd) (width 0.05))
    (fp_text user %R (at 0 0) (layer F.Fab)
      (effects (font (size 0.4 0.4) (thickness 0.06)))
    )
    (pad 1 smd roundrect (at -0.775 0 180) (size 0.9 0.95) (layers F.Cu F.Paste F.Mask) (roundrect_rratio 0.25)
      (net 5 "Net-(C3-Pad1)"))
    (pad 2 smd roundrect (at 0.775 0 180) (size 0.9 0.95) (layers F.Cu F.Paste F.Mask) (roundrect_rratio 0.25)
      (net 1 "Net-(C1-Pad1)"))
    (model ${KISYS3DMOD}/Capacitor_SMD.3dshapes/C_0603_1608Metric.wrl
      (at (xyz 0 0 0))
      (scale (xyz 1 1 1))
      (rotate (xyz 0 0 0))
    )
  )

  (module Capacitor_SMD:C_0402_1005Metric (layer F.Cu) (tedit 5F68FEEE) (tstamp 6006F213)
    (at 64.262 78.74 180)
    (descr "Capacitor SMD 0402 (1005 Metric), square (rectangular) end terminal, IPC_7351 nominal, (Body size source: IPC-SM-782 page 76, https://www.pcb-3d.com/wordpress/wp-content/uploads/ipc-sm-782a_amendment_1_and_2.pdf), generated with kicad-footprint-generator")
    (tags capacitor)
    (path /6005779F/6007113C)
    (attr smd)
    (fp_text reference C4 (at 0 -1.16) (layer F.SilkS)
      (effects (font (size 1 1) (thickness 0.15)))
    )
    (fp_text value 22n (at 0 1.16) (layer F.Fab)
      (effects (font (size 1 1) (thickness 0.15)))
    )
    (fp_line (start -0.5 0.25) (end -0.5 -0.25) (layer F.Fab) (width 0.1))
    (fp_line (start -0.5 -0.25) (end 0.5 -0.25) (layer F.Fab) (width 0.1))
    (fp_line (start 0.5 -0.25) (end 0.5 0.25) (layer F.Fab) (width 0.1))
    (fp_line (start 0.5 0.25) (end -0.5 0.25) (layer F.Fab) (width 0.1))
    (fp_line (start -0.107836 -0.36) (end 0.107836 -0.36) (layer F.SilkS) (width 0.12))
    (fp_line (start -0.107836 0.36) (end 0.107836 0.36) (layer F.SilkS) (width 0.12))
    (fp_line (start -0.91 0.46) (end -0.91 -0.46) (layer F.CrtYd) (width 0.05))
    (fp_line (start -0.91 -0.46) (end 0.91 -0.46) (layer F.CrtYd) (width 0.05))
    (fp_line (start 0.91 -0.46) (end 0.91 0.46) (layer F.CrtYd) (width 0.05))
    (fp_line (start 0.91 0.46) (end -0.91 0.46) (layer F.CrtYd) (width 0.05))
    (fp_text user %R (at 0 0) (layer F.Fab)
      (effects (font (size 0.25 0.25) (thickness 0.04)))
    )
    (pad 1 smd roundrect (at -0.48 0 180) (size 0.56 0.62) (layers F.Cu F.Paste F.Mask) (roundrect_rratio 0.25)
      (net 6 "Net-(C4-Pad1)"))
    (pad 2 smd roundrect (at 0.48 0 180) (size 0.56 0.62) (layers F.Cu F.Paste F.Mask) (roundrect_rratio 0.25)
      (net 7 /VGND))
    (model ${KISYS3DMOD}/Capacitor_SMD.3dshapes/C_0402_1005Metric.wrl
      (at (xyz 0 0 0))
      (scale (xyz 1 1 1))
      (rotate (xyz 0 0 0))
    )
  )

  (module Capacitor_SMD:C_0603_1608Metric (layer F.Cu) (tedit 5F68FEEE) (tstamp 6006F224)
    (at 64.262 68.339 90)
    (descr "Capacitor SMD 0603 (1608 Metric), square (rectangular) end terminal, IPC_7351 nominal, (Body size source: IPC-SM-782 page 76, https://www.pcb-3d.com/wordpress/wp-content/uploads/ipc-sm-782a_amendment_1_and_2.pdf), generated with kicad-footprint-generator")
    (tags capacitor)
    (path /6005779F/600859B0)
    (attr smd)
    (fp_text reference C5 (at 0 -1.43 90) (layer F.SilkS)
      (effects (font (size 1 1) (thickness 0.15)))
    )
    (fp_text value 10n (at 0 1.43 90) (layer F.Fab)
      (effects (font (size 1 1) (thickness 0.15)))
    )
    (fp_line (start -0.8 0.4) (end -0.8 -0.4) (layer F.Fab) (width 0.1))
    (fp_line (start -0.8 -0.4) (end 0.8 -0.4) (layer F.Fab) (width 0.1))
    (fp_line (start 0.8 -0.4) (end 0.8 0.4) (layer F.Fab) (width 0.1))
    (fp_line (start 0.8 0.4) (end -0.8 0.4) (layer F.Fab) (width 0.1))
    (fp_line (start -0.14058 -0.51) (end 0.14058 -0.51) (layer F.SilkS) (width 0.12))
    (fp_line (start -0.14058 0.51) (end 0.14058 0.51) (layer F.SilkS) (width 0.12))
    (fp_line (start -1.48 0.73) (end -1.48 -0.73) (layer F.CrtYd) (width 0.05))
    (fp_line (start -1.48 -0.73) (end 1.48 -0.73) (layer F.CrtYd) (width 0.05))
    (fp_line (start 1.48 -0.73) (end 1.48 0.73) (layer F.CrtYd) (width 0.05))
    (fp_line (start 1.48 0.73) (end -1.48 0.73) (layer F.CrtYd) (width 0.05))
    (fp_text user %R (at 0 0 90) (layer F.Fab)
      (effects (font (size 0.4 0.4) (thickness 0.06)))
    )
    (pad 1 smd roundrect (at -0.775 0 90) (size 0.9 0.95) (layers F.Cu F.Paste F.Mask) (roundrect_rratio 0.25)
      (net 3 +3V3))
    (pad 2 smd roundrect (at 0.775 0 90) (size 0.9 0.95) (layers F.Cu F.Paste F.Mask) (roundrect_rratio 0.25)
      (net 4 GND))
    (model ${KISYS3DMOD}/Capacitor_SMD.3dshapes/C_0603_1608Metric.wrl
      (at (xyz 0 0 0))
      (scale (xyz 1 1 1))
      (rotate (xyz 0 0 0))
    )
  )

  (module Capacitor_SMD:C_0603_1608Metric (layer F.Cu) (tedit 5F68FEEE) (tstamp 6006F235)
    (at 109.601 78.359 90)
    (descr "Capacitor SMD 0603 (1608 Metric), square (rectangular) end terminal, IPC_7351 nominal, (Body size source: IPC-SM-782 page 76, https://www.pcb-3d.com/wordpress/wp-content/uploads/ipc-sm-782a_amendment_1_and_2.pdf), generated with kicad-footprint-generator")
    (tags capacitor)
    (path /60093D1D)
    (attr smd)
    (fp_text reference C6 (at 2.54 -0.254 90) (layer F.SilkS)
      (effects (font (size 1 1) (thickness 0.15)))
    )
    (fp_text value 10n (at 0 1.43 90) (layer F.Fab)
      (effects (font (size 1 1) (thickness 0.15)))
    )
    (fp_line (start 1.48 0.73) (end -1.48 0.73) (layer F.CrtYd) (width 0.05))
    (fp_line (start 1.48 -0.73) (end 1.48 0.73) (layer F.CrtYd) (width 0.05))
    (fp_line (start -1.48 -0.73) (end 1.48 -0.73) (layer F.CrtYd) (width 0.05))
    (fp_line (start -1.48 0.73) (end -1.48 -0.73) (layer F.CrtYd) (width 0.05))
    (fp_line (start -0.14058 0.51) (end 0.14058 0.51) (layer F.SilkS) (width 0.12))
    (fp_line (start -0.14058 -0.51) (end 0.14058 -0.51) (layer F.SilkS) (width 0.12))
    (fp_line (start 0.8 0.4) (end -0.8 0.4) (layer F.Fab) (width 0.1))
    (fp_line (start 0.8 -0.4) (end 0.8 0.4) (layer F.Fab) (width 0.1))
    (fp_line (start -0.8 -0.4) (end 0.8 -0.4) (layer F.Fab) (width 0.1))
    (fp_line (start -0.8 0.4) (end -0.8 -0.4) (layer F.Fab) (width 0.1))
    (fp_text user %R (at 0 0 90) (layer F.Fab)
      (effects (font (size 0.4 0.4) (thickness 0.06)))
    )
    (pad 2 smd roundrect (at 0.775 0 90) (size 0.9 0.95) (layers F.Cu F.Paste F.Mask) (roundrect_rratio 0.25)
      (net 4 GND))
    (pad 1 smd roundrect (at -0.775 0 90) (size 0.9 0.95) (layers F.Cu F.Paste F.Mask) (roundrect_rratio 0.25)
      (net 3 +3V3))
    (model ${KISYS3DMOD}/Capacitor_SMD.3dshapes/C_0603_1608Metric.wrl
      (at (xyz 0 0 0))
      (scale (xyz 1 1 1))
      (rotate (xyz 0 0 0))
    )
  )

  (module Capacitor_SMD:C_0402_1005Metric (layer F.Cu) (tedit 5F68FEEE) (tstamp 6006F246)
    (at 84.201 74.549 270)
    (descr "Capacitor SMD 0402 (1005 Metric), square (rectangular) end terminal, IPC_7351 nominal, (Body size source: IPC-SM-782 page 76, https://www.pcb-3d.com/wordpress/wp-content/uploads/ipc-sm-782a_amendment_1_and_2.pdf), generated with kicad-footprint-generator")
    (tags capacitor)
    (path /600908FA/6005D506)
    (attr smd)
    (fp_text reference C7 (at -1.143 -1.27 90) (layer F.SilkS)
      (effects (font (size 1 1) (thickness 0.15)))
    )
    (fp_text value 1n (at 0 1.16 90) (layer F.Fab)
      (effects (font (size 1 1) (thickness 0.15)))
    )
    (fp_line (start 0.91 0.46) (end -0.91 0.46) (layer F.CrtYd) (width 0.05))
    (fp_line (start 0.91 -0.46) (end 0.91 0.46) (layer F.CrtYd) (width 0.05))
    (fp_line (start -0.91 -0.46) (end 0.91 -0.46) (layer F.CrtYd) (width 0.05))
    (fp_line (start -0.91 0.46) (end -0.91 -0.46) (layer F.CrtYd) (width 0.05))
    (fp_line (start -0.107836 0.36) (end 0.107836 0.36) (layer F.SilkS) (width 0.12))
    (fp_line (start -0.107836 -0.36) (end 0.107836 -0.36) (layer F.SilkS) (width 0.12))
    (fp_line (start 0.5 0.25) (end -0.5 0.25) (layer F.Fab) (width 0.1))
    (fp_line (start 0.5 -0.25) (end 0.5 0.25) (layer F.Fab) (width 0.1))
    (fp_line (start -0.5 -0.25) (end 0.5 -0.25) (layer F.Fab) (width 0.1))
    (fp_line (start -0.5 0.25) (end -0.5 -0.25) (layer F.Fab) (width 0.1))
    (fp_text user %R (at 0 0 90) (layer F.Fab)
      (effects (font (size 0.25 0.25) (thickness 0.04)))
    )
    (pad 2 smd roundrect (at 0.48 0 270) (size 0.56 0.62) (layers F.Cu F.Paste F.Mask) (roundrect_rratio 0.25)
      (net 8 "Net-(C7-Pad2)"))
    (pad 1 smd roundrect (at -0.48 0 270) (size 0.56 0.62) (layers F.Cu F.Paste F.Mask) (roundrect_rratio 0.25)
      (net 9 "Net-(C7-Pad1)"))
    (model ${KISYS3DMOD}/Capacitor_SMD.3dshapes/C_0402_1005Metric.wrl
      (at (xyz 0 0 0))
      (scale (xyz 1 1 1))
      (rotate (xyz 0 0 0))
    )
  )

  (module Capacitor_SMD:C_0603_1608Metric (layer F.Cu) (tedit 5F68FEEE) (tstamp 6006F257)
    (at 77.711 70.866 180)
    (descr "Capacitor SMD 0603 (1608 Metric), square (rectangular) end terminal, IPC_7351 nominal, (Body size source: IPC-SM-782 page 76, https://www.pcb-3d.com/wordpress/wp-content/uploads/ipc-sm-782a_amendment_1_and_2.pdf), generated with kicad-footprint-generator")
    (tags capacitor)
    (path /600908FA/60069DD0)
    (attr smd)
    (fp_text reference C8 (at 0 1.524) (layer F.SilkS)
      (effects (font (size 1 1) (thickness 0.15)))
    )
    (fp_text value 10n (at 0 1.43) (layer F.Fab)
      (effects (font (size 1 1) (thickness 0.15)))
    )
    (fp_line (start 1.48 0.73) (end -1.48 0.73) (layer F.CrtYd) (width 0.05))
    (fp_line (start 1.48 -0.73) (end 1.48 0.73) (layer F.CrtYd) (width 0.05))
    (fp_line (start -1.48 -0.73) (end 1.48 -0.73) (layer F.CrtYd) (width 0.05))
    (fp_line (start -1.48 0.73) (end -1.48 -0.73) (layer F.CrtYd) (width 0.05))
    (fp_line (start -0.14058 0.51) (end 0.14058 0.51) (layer F.SilkS) (width 0.12))
    (fp_line (start -0.14058 -0.51) (end 0.14058 -0.51) (layer F.SilkS) (width 0.12))
    (fp_line (start 0.8 0.4) (end -0.8 0.4) (layer F.Fab) (width 0.1))
    (fp_line (start 0.8 -0.4) (end 0.8 0.4) (layer F.Fab) (width 0.1))
    (fp_line (start -0.8 -0.4) (end 0.8 -0.4) (layer F.Fab) (width 0.1))
    (fp_line (start -0.8 0.4) (end -0.8 -0.4) (layer F.Fab) (width 0.1))
    (fp_text user %R (at 0 0) (layer F.Fab)
      (effects (font (size 0.4 0.4) (thickness 0.06)))
    )
    (pad 2 smd roundrect (at 0.775 0 180) (size 0.9 0.95) (layers F.Cu F.Paste F.Mask) (roundrect_rratio 0.25)
      (net 4 GND))
    (pad 1 smd roundrect (at -0.775 0 180) (size 0.9 0.95) (layers F.Cu F.Paste F.Mask) (roundrect_rratio 0.25)
      (net 3 +3V3))
    (model ${KISYS3DMOD}/Capacitor_SMD.3dshapes/C_0603_1608Metric.wrl
      (at (xyz 0 0 0))
      (scale (xyz 1 1 1))
      (rotate (xyz 0 0 0))
    )
  )

  (module Capacitor_SMD:C_0603_1608Metric (layer F.Cu) (tedit 5F68FEEE) (tstamp 6006F268)
    (at 88.392 76.962 180)
    (descr "Capacitor SMD 0603 (1608 Metric), square (rectangular) end terminal, IPC_7351 nominal, (Body size source: IPC-SM-782 page 76, https://www.pcb-3d.com/wordpress/wp-content/uploads/ipc-sm-782a_amendment_1_and_2.pdf), generated with kicad-footprint-generator")
    (tags capacitor)
    (path /600908FA/600706D5)
    (attr smd)
    (fp_text reference C9 (at 0 -1.43) (layer F.SilkS)
      (effects (font (size 1 1) (thickness 0.15)))
    )
    (fp_text value 10n (at 0 1.43) (layer F.Fab)
      (effects (font (size 1 1) (thickness 0.15)))
    )
    (fp_line (start -0.8 0.4) (end -0.8 -0.4) (layer F.Fab) (width 0.1))
    (fp_line (start -0.8 -0.4) (end 0.8 -0.4) (layer F.Fab) (width 0.1))
    (fp_line (start 0.8 -0.4) (end 0.8 0.4) (layer F.Fab) (width 0.1))
    (fp_line (start 0.8 0.4) (end -0.8 0.4) (layer F.Fab) (width 0.1))
    (fp_line (start -0.14058 -0.51) (end 0.14058 -0.51) (layer F.SilkS) (width 0.12))
    (fp_line (start -0.14058 0.51) (end 0.14058 0.51) (layer F.SilkS) (width 0.12))
    (fp_line (start -1.48 0.73) (end -1.48 -0.73) (layer F.CrtYd) (width 0.05))
    (fp_line (start -1.48 -0.73) (end 1.48 -0.73) (layer F.CrtYd) (width 0.05))
    (fp_line (start 1.48 -0.73) (end 1.48 0.73) (layer F.CrtYd) (width 0.05))
    (fp_line (start 1.48 0.73) (end -1.48 0.73) (layer F.CrtYd) (width 0.05))
    (fp_text user %R (at 0 0) (layer F.Fab)
      (effects (font (size 0.4 0.4) (thickness 0.06)))
    )
    (pad 1 smd roundrect (at -0.775 0 180) (size 0.9 0.95) (layers F.Cu F.Paste F.Mask) (roundrect_rratio 0.25)
      (net 10 "Net-(C9-Pad1)"))
    (pad 2 smd roundrect (at 0.775 0 180) (size 0.9 0.95) (layers F.Cu F.Paste F.Mask) (roundrect_rratio 0.25)
      (net 9 "Net-(C7-Pad1)"))
    (model ${KISYS3DMOD}/Capacitor_SMD.3dshapes/C_0603_1608Metric.wrl
      (at (xyz 0 0 0))
      (scale (xyz 1 1 1))
      (rotate (xyz 0 0 0))
    )
  )

  (module Capacitor_SMD:C_0402_1005Metric (layer F.Cu) (tedit 5F68FEEE) (tstamp 6006F279)
    (at 92.202 80.236 270)
    (descr "Capacitor SMD 0402 (1005 Metric), square (rectangular) end terminal, IPC_7351 nominal, (Body size source: IPC-SM-782 page 76, https://www.pcb-3d.com/wordpress/wp-content/uploads/ipc-sm-782a_amendment_1_and_2.pdf), generated with kicad-footprint-generator")
    (tags capacitor)
    (path /600908FA/6007113C)
    (attr smd)
    (fp_text reference C10 (at 0.282 -2.286 180) (layer F.SilkS)
      (effects (font (size 1 1) (thickness 0.15)))
    )
    (fp_text value 22n (at 0 1.16 90) (layer F.Fab)
      (effects (font (size 1 1) (thickness 0.15)))
    )
    (fp_line (start 0.91 0.46) (end -0.91 0.46) (layer F.CrtYd) (width 0.05))
    (fp_line (start 0.91 -0.46) (end 0.91 0.46) (layer F.CrtYd) (width 0.05))
    (fp_line (start -0.91 -0.46) (end 0.91 -0.46) (layer F.CrtYd) (width 0.05))
    (fp_line (start -0.91 0.46) (end -0.91 -0.46) (layer F.CrtYd) (width 0.05))
    (fp_line (start -0.107836 0.36) (end 0.107836 0.36) (layer F.SilkS) (width 0.12))
    (fp_line (start -0.107836 -0.36) (end 0.107836 -0.36) (layer F.SilkS) (width 0.12))
    (fp_line (start 0.5 0.25) (end -0.5 0.25) (layer F.Fab) (width 0.1))
    (fp_line (start 0.5 -0.25) (end 0.5 0.25) (layer F.Fab) (width 0.1))
    (fp_line (start -0.5 -0.25) (end 0.5 -0.25) (layer F.Fab) (width 0.1))
    (fp_line (start -0.5 0.25) (end -0.5 -0.25) (layer F.Fab) (width 0.1))
    (fp_text user %R (at 0 0 90) (layer F.Fab)
      (effects (font (size 0.25 0.25) (thickness 0.04)))
    )
    (pad 2 smd roundrect (at 0.48 0 270) (size 0.56 0.62) (layers F.Cu F.Paste F.Mask) (roundrect_rratio 0.25)
      (net 7 /VGND))
    (pad 1 smd roundrect (at -0.48 0 270) (size 0.56 0.62) (layers F.Cu F.Paste F.Mask) (roundrect_rratio 0.25)
      (net 11 "Net-(C10-Pad1)"))
    (model ${KISYS3DMOD}/Capacitor_SMD.3dshapes/C_0402_1005Metric.wrl
      (at (xyz 0 0 0))
      (scale (xyz 1 1 1))
      (rotate (xyz 0 0 0))
    )
  )

  (module Capacitor_SMD:C_0603_1608Metric (layer F.Cu) (tedit 5F68FEEE) (tstamp 6006F28A)
    (at 90.678 67.564)
    (descr "Capacitor SMD 0603 (1608 Metric), square (rectangular) end terminal, IPC_7351 nominal, (Body size source: IPC-SM-782 page 76, https://www.pcb-3d.com/wordpress/wp-content/uploads/ipc-sm-782a_amendment_1_and_2.pdf), generated with kicad-footprint-generator")
    (tags capacitor)
    (path /600908FA/600859B0)
    (attr smd)
    (fp_text reference C11 (at 3.048 0) (layer F.SilkS)
      (effects (font (size 1 1) (thickness 0.15)))
    )
    (fp_text value 10n (at 0 1.43) (layer F.Fab)
      (effects (font (size 1 1) (thickness 0.15)))
    )
    (fp_line (start 1.48 0.73) (end -1.48 0.73) (layer F.CrtYd) (width 0.05))
    (fp_line (start 1.48 -0.73) (end 1.48 0.73) (layer F.CrtYd) (width 0.05))
    (fp_line (start -1.48 -0.73) (end 1.48 -0.73) (layer F.CrtYd) (width 0.05))
    (fp_line (start -1.48 0.73) (end -1.48 -0.73) (layer F.CrtYd) (width 0.05))
    (fp_line (start -0.14058 0.51) (end 0.14058 0.51) (layer F.SilkS) (width 0.12))
    (fp_line (start -0.14058 -0.51) (end 0.14058 -0.51) (layer F.SilkS) (width 0.12))
    (fp_line (start 0.8 0.4) (end -0.8 0.4) (layer F.Fab) (width 0.1))
    (fp_line (start 0.8 -0.4) (end 0.8 0.4) (layer F.Fab) (width 0.1))
    (fp_line (start -0.8 -0.4) (end 0.8 -0.4) (layer F.Fab) (width 0.1))
    (fp_line (start -0.8 0.4) (end -0.8 -0.4) (layer F.Fab) (width 0.1))
    (fp_text user %R (at 0 0) (layer F.Fab)
      (effects (font (size 0.4 0.4) (thickness 0.06)))
    )
    (pad 2 smd roundrect (at 0.775 0) (size 0.9 0.95) (layers F.Cu F.Paste F.Mask) (roundrect_rratio 0.25)
      (net 4 GND))
    (pad 1 smd roundrect (at -0.775 0) (size 0.9 0.95) (layers F.Cu F.Paste F.Mask) (roundrect_rratio 0.25)
      (net 3 +3V3))
    (model ${KISYS3DMOD}/Capacitor_SMD.3dshapes/C_0603_1608Metric.wrl
      (at (xyz 0 0 0))
      (scale (xyz 1 1 1))
      (rotate (xyz 0 0 0))
    )
  )

  (module Capacitor_SMD:C_0402_1005Metric (layer F.Cu) (tedit 5F68FEEE) (tstamp 6006F29B)
    (at 102.616 72.136 270)
    (descr "Capacitor SMD 0402 (1005 Metric), square (rectangular) end terminal, IPC_7351 nominal, (Body size source: IPC-SM-782 page 76, https://www.pcb-3d.com/wordpress/wp-content/uploads/ipc-sm-782a_amendment_1_and_2.pdf), generated with kicad-footprint-generator")
    (tags capacitor)
    (path /60090942/6005D506)
    (attr smd)
    (fp_text reference C12 (at -2.794 0 90) (layer F.SilkS)
      (effects (font (size 1 1) (thickness 0.15)))
    )
    (fp_text value 1n (at 0 1.16 90) (layer F.Fab)
      (effects (font (size 1 1) (thickness 0.15)))
    )
    (fp_line (start 0.91 0.46) (end -0.91 0.46) (layer F.CrtYd) (width 0.05))
    (fp_line (start 0.91 -0.46) (end 0.91 0.46) (layer F.CrtYd) (width 0.05))
    (fp_line (start -0.91 -0.46) (end 0.91 -0.46) (layer F.CrtYd) (width 0.05))
    (fp_line (start -0.91 0.46) (end -0.91 -0.46) (layer F.CrtYd) (width 0.05))
    (fp_line (start -0.107836 0.36) (end 0.107836 0.36) (layer F.SilkS) (width 0.12))
    (fp_line (start -0.107836 -0.36) (end 0.107836 -0.36) (layer F.SilkS) (width 0.12))
    (fp_line (start 0.5 0.25) (end -0.5 0.25) (layer F.Fab) (width 0.1))
    (fp_line (start 0.5 -0.25) (end 0.5 0.25) (layer F.Fab) (width 0.1))
    (fp_line (start -0.5 -0.25) (end 0.5 -0.25) (layer F.Fab) (width 0.1))
    (fp_line (start -0.5 0.25) (end -0.5 -0.25) (layer F.Fab) (width 0.1))
    (fp_text user %R (at 0 0 90) (layer F.Fab)
      (effects (font (size 0.25 0.25) (thickness 0.04)))
    )
    (pad 2 smd roundrect (at 0.48 0 270) (size 0.56 0.62) (layers F.Cu F.Paste F.Mask) (roundrect_rratio 0.25)
      (net 12 "Net-(C12-Pad2)"))
    (pad 1 smd roundrect (at -0.48 0 270) (size 0.56 0.62) (layers F.Cu F.Paste F.Mask) (roundrect_rratio 0.25)
      (net 13 "Net-(C12-Pad1)"))
    (model ${KISYS3DMOD}/Capacitor_SMD.3dshapes/C_0402_1005Metric.wrl
      (at (xyz 0 0 0))
      (scale (xyz 1 1 1))
      (rotate (xyz 0 0 0))
    )
  )

  (module Capacitor_SMD:C_0603_1608Metric (layer F.Cu) (tedit 5F68FEEE) (tstamp 6006F2AC)
    (at 97.028 72.403 270)
    (descr "Capacitor SMD 0603 (1608 Metric), square (rectangular) end terminal, IPC_7351 nominal, (Body size source: IPC-SM-782 page 76, https://www.pcb-3d.com/wordpress/wp-content/uploads/ipc-sm-782a_amendment_1_and_2.pdf), generated with kicad-footprint-generator")
    (tags capacitor)
    (path /60090942/60069DD0)
    (attr smd)
    (fp_text reference C13 (at -3.302 0 90) (layer F.SilkS)
      (effects (font (size 1 1) (thickness 0.15)))
    )
    (fp_text value 10n (at 0 1.43 90) (layer F.Fab)
      (effects (font (size 1 1) (thickness 0.15)))
    )
    (fp_line (start 1.48 0.73) (end -1.48 0.73) (layer F.CrtYd) (width 0.05))
    (fp_line (start 1.48 -0.73) (end 1.48 0.73) (layer F.CrtYd) (width 0.05))
    (fp_line (start -1.48 -0.73) (end 1.48 -0.73) (layer F.CrtYd) (width 0.05))
    (fp_line (start -1.48 0.73) (end -1.48 -0.73) (layer F.CrtYd) (width 0.05))
    (fp_line (start -0.14058 0.51) (end 0.14058 0.51) (layer F.SilkS) (width 0.12))
    (fp_line (start -0.14058 -0.51) (end 0.14058 -0.51) (layer F.SilkS) (width 0.12))
    (fp_line (start 0.8 0.4) (end -0.8 0.4) (layer F.Fab) (width 0.1))
    (fp_line (start 0.8 -0.4) (end 0.8 0.4) (layer F.Fab) (width 0.1))
    (fp_line (start -0.8 -0.4) (end 0.8 -0.4) (layer F.Fab) (width 0.1))
    (fp_line (start -0.8 0.4) (end -0.8 -0.4) (layer F.Fab) (width 0.1))
    (fp_text user %R (at 0 0 90) (layer F.Fab)
      (effects (font (size 0.4 0.4) (thickness 0.06)))
    )
    (pad 2 smd roundrect (at 0.775 0 270) (size 0.9 0.95) (layers F.Cu F.Paste F.Mask) (roundrect_rratio 0.25)
      (net 4 GND))
    (pad 1 smd roundrect (at -0.775 0 270) (size 0.9 0.95) (layers F.Cu F.Paste F.Mask) (roundrect_rratio 0.25)
      (net 3 +3V3))
    (model ${KISYS3DMOD}/Capacitor_SMD.3dshapes/C_0603_1608Metric.wrl
      (at (xyz 0 0 0))
      (scale (xyz 1 1 1))
      (rotate (xyz 0 0 0))
    )
  )

  (module Capacitor_SMD:C_0603_1608Metric (layer F.Cu) (tedit 5F68FEEE) (tstamp 6006F2BD)
    (at 105.283 76.213 90)
    (descr "Capacitor SMD 0603 (1608 Metric), square (rectangular) end terminal, IPC_7351 nominal, (Body size source: IPC-SM-782 page 76, https://www.pcb-3d.com/wordpress/wp-content/uploads/ipc-sm-782a_amendment_1_and_2.pdf), generated with kicad-footprint-generator")
    (tags capacitor)
    (path /60090942/600706D5)
    (attr smd)
    (fp_text reference C14 (at 0 -1.43 90) (layer F.SilkS)
      (effects (font (size 1 1) (thickness 0.15)))
    )
    (fp_text value 10n (at 0 1.43 90) (layer F.Fab)
      (effects (font (size 1 1) (thickness 0.15)))
    )
    (fp_line (start 1.48 0.73) (end -1.48 0.73) (layer F.CrtYd) (width 0.05))
    (fp_line (start 1.48 -0.73) (end 1.48 0.73) (layer F.CrtYd) (width 0.05))
    (fp_line (start -1.48 -0.73) (end 1.48 -0.73) (layer F.CrtYd) (width 0.05))
    (fp_line (start -1.48 0.73) (end -1.48 -0.73) (layer F.CrtYd) (width 0.05))
    (fp_line (start -0.14058 0.51) (end 0.14058 0.51) (layer F.SilkS) (width 0.12))
    (fp_line (start -0.14058 -0.51) (end 0.14058 -0.51) (layer F.SilkS) (width 0.12))
    (fp_line (start 0.8 0.4) (end -0.8 0.4) (layer F.Fab) (width 0.1))
    (fp_line (start 0.8 -0.4) (end 0.8 0.4) (layer F.Fab) (width 0.1))
    (fp_line (start -0.8 -0.4) (end 0.8 -0.4) (layer F.Fab) (width 0.1))
    (fp_line (start -0.8 0.4) (end -0.8 -0.4) (layer F.Fab) (width 0.1))
    (fp_text user %R (at 0 0 90) (layer F.Fab)
      (effects (font (size 0.4 0.4) (thickness 0.06)))
    )
    (pad 2 smd roundrect (at 0.775 0 90) (size 0.9 0.95) (layers F.Cu F.Paste F.Mask) (roundrect_rratio 0.25)
      (net 13 "Net-(C12-Pad1)"))
    (pad 1 smd roundrect (at -0.775 0 90) (size 0.9 0.95) (layers F.Cu F.Paste F.Mask) (roundrect_rratio 0.25)
      (net 14 "Net-(C14-Pad1)"))
    (model ${KISYS3DMOD}/Capacitor_SMD.3dshapes/C_0603_1608Metric.wrl
      (at (xyz 0 0 0))
      (scale (xyz 1 1 1))
      (rotate (xyz 0 0 0))
    )
  )

  (module Capacitor_SMD:C_0402_1005Metric (layer F.Cu) (tedit 5F68FEEE) (tstamp 6006F2CE)
    (at 107.188 80.01 180)
    (descr "Capacitor SMD 0402 (1005 Metric), square (rectangular) end terminal, IPC_7351 nominal, (Body size source: IPC-SM-782 page 76, https://www.pcb-3d.com/wordpress/wp-content/uploads/ipc-sm-782a_amendment_1_and_2.pdf), generated with kicad-footprint-generator")
    (tags capacitor)
    (path /60090942/6007113C)
    (attr smd)
    (fp_text reference C15 (at 0.988 -1.27) (layer F.SilkS)
      (effects (font (size 1 1) (thickness 0.15)))
    )
    (fp_text value 22n (at 0 1.16) (layer F.Fab)
      (effects (font (size 1 1) (thickness 0.15)))
    )
    (fp_line (start -0.5 0.25) (end -0.5 -0.25) (layer F.Fab) (width 0.1))
    (fp_line (start -0.5 -0.25) (end 0.5 -0.25) (layer F.Fab) (width 0.1))
    (fp_line (start 0.5 -0.25) (end 0.5 0.25) (layer F.Fab) (width 0.1))
    (fp_line (start 0.5 0.25) (end -0.5 0.25) (layer F.Fab) (width 0.1))
    (fp_line (start -0.107836 -0.36) (end 0.107836 -0.36) (layer F.SilkS) (width 0.12))
    (fp_line (start -0.107836 0.36) (end 0.107836 0.36) (layer F.SilkS) (width 0.12))
    (fp_line (start -0.91 0.46) (end -0.91 -0.46) (layer F.CrtYd) (width 0.05))
    (fp_line (start -0.91 -0.46) (end 0.91 -0.46) (layer F.CrtYd) (width 0.05))
    (fp_line (start 0.91 -0.46) (end 0.91 0.46) (layer F.CrtYd) (width 0.05))
    (fp_line (start 0.91 0.46) (end -0.91 0.46) (layer F.CrtYd) (width 0.05))
    (fp_text user %R (at 0 0) (layer F.Fab)
      (effects (font (size 0.25 0.25) (thickness 0.04)))
    )
    (pad 1 smd roundrect (at -0.48 0 180) (size 0.56 0.62) (layers F.Cu F.Paste F.Mask) (roundrect_rratio 0.25)
      (net 15 "Net-(C15-Pad1)"))
    (pad 2 smd roundrect (at 0.48 0 180) (size 0.56 0.62) (layers F.Cu F.Paste F.Mask) (roundrect_rratio 0.25)
      (net 7 /VGND))
    (model ${KISYS3DMOD}/Capacitor_SMD.3dshapes/C_0402_1005Metric.wrl
      (at (xyz 0 0 0))
      (scale (xyz 1 1 1))
      (rotate (xyz 0 0 0))
    )
  )

  (module Capacitor_SMD:C_0603_1608Metric (layer F.Cu) (tedit 5F68FEEE) (tstamp 6006F2DF)
    (at 119.38 68.326 90)
    (descr "Capacitor SMD 0603 (1608 Metric), square (rectangular) end terminal, IPC_7351 nominal, (Body size source: IPC-SM-782 page 76, https://www.pcb-3d.com/wordpress/wp-content/uploads/ipc-sm-782a_amendment_1_and_2.pdf), generated with kicad-footprint-generator")
    (tags capacitor)
    (path /60090942/600859B0)
    (attr smd)
    (fp_text reference C16 (at 0 -1.43 90) (layer F.SilkS)
      (effects (font (size 1 1) (thickness 0.15)))
    )
    (fp_text value 10n (at 0 1.43 90) (layer F.Fab)
      (effects (font (size 1 1) (thickness 0.15)))
    )
    (fp_line (start -0.8 0.4) (end -0.8 -0.4) (layer F.Fab) (width 0.1))
    (fp_line (start -0.8 -0.4) (end 0.8 -0.4) (layer F.Fab) (width 0.1))
    (fp_line (start 0.8 -0.4) (end 0.8 0.4) (layer F.Fab) (width 0.1))
    (fp_line (start 0.8 0.4) (end -0.8 0.4) (layer F.Fab) (width 0.1))
    (fp_line (start -0.14058 -0.51) (end 0.14058 -0.51) (layer F.SilkS) (width 0.12))
    (fp_line (start -0.14058 0.51) (end 0.14058 0.51) (layer F.SilkS) (width 0.12))
    (fp_line (start -1.48 0.73) (end -1.48 -0.73) (layer F.CrtYd) (width 0.05))
    (fp_line (start -1.48 -0.73) (end 1.48 -0.73) (layer F.CrtYd) (width 0.05))
    (fp_line (start 1.48 -0.73) (end 1.48 0.73) (layer F.CrtYd) (width 0.05))
    (fp_line (start 1.48 0.73) (end -1.48 0.73) (layer F.CrtYd) (width 0.05))
    (fp_text user %R (at 0 0 90) (layer F.Fab)
      (effects (font (size 0.4 0.4) (thickness 0.06)))
    )
    (pad 1 smd roundrect (at -0.775 0 90) (size 0.9 0.95) (layers F.Cu F.Paste F.Mask) (roundrect_rratio 0.25)
      (net 3 +3V3))
    (pad 2 smd roundrect (at 0.775 0 90) (size 0.9 0.95) (layers F.Cu F.Paste F.Mask) (roundrect_rratio 0.25)
      (net 4 GND))
    (model ${KISYS3DMOD}/Capacitor_SMD.3dshapes/C_0603_1608Metric.wrl
      (at (xyz 0 0 0))
      (scale (xyz 1 1 1))
      (rotate (xyz 0 0 0))
    )
  )

  (module LED_THT:LED_D5.0mm-4_RGB (layer F.Cu) (tedit 5B74EEBE) (tstamp 6006F2F5)
    (at 54.864 67.564)
    (descr "LED, diameter 5.0mm, 2 pins, diameter 5.0mm, 3 pins, diameter 5.0mm, 4 pins, http://www.kingbright.com/attachments/file/psearch/000/00/00/L-154A4SUREQBFZGEW(Ver.9A).pdf")
    (tags "LED diameter 5.0mm 2 pins diameter 5.0mm 3 pins diameter 5.0mm 4 pins RGB RGBLED")
    (path /600B6F29/600BC5E7)
    (fp_text reference D1 (at -2.794 -2.54) (layer F.SilkS)
      (effects (font (size 1 1) (thickness 0.15)))
    )
    (fp_text value LED_BGCR (at 1.905 3.96) (layer F.Fab)
      (effects (font (size 1 1) (thickness 0.15)))
    )
    (fp_circle (center 1.905 0) (end 4.405 0) (layer F.Fab) (width 0.1))
    (fp_line (start -0.595 -1.469694) (end -0.595 1.469694) (layer F.Fab) (width 0.1))
    (fp_line (start -0.655 -1.545) (end -0.655 -1.08) (layer F.SilkS) (width 0.12))
    (fp_line (start -0.655 1.08) (end -0.655 1.545) (layer F.SilkS) (width 0.12))
    (fp_line (start -1.35 -3.25) (end -1.35 3.25) (layer F.CrtYd) (width 0.05))
    (fp_line (start -1.35 3.25) (end 5.15 3.25) (layer F.CrtYd) (width 0.05))
    (fp_line (start 5.15 3.25) (end 5.15 -3.25) (layer F.CrtYd) (width 0.05))
    (fp_line (start 5.15 -3.25) (end -1.35 -3.25) (layer F.CrtYd) (width 0.05))
    (fp_arc (start 1.905 0) (end -0.595 -1.469694) (angle 299.1) (layer F.Fab) (width 0.1))
    (fp_arc (start 1.905 0) (end -0.655 -1.54483) (angle 127.7) (layer F.SilkS) (width 0.12))
